1.0	(0		   , 1)
0.85	(0.9525380710659899, 0.9980964467005076)
0.84	(0.9642131979695432, 0.9973350253807106)	
0.83	(0.9728426395939086, 0.9967005076142132)
0.82	(0.9799492385786802, 0.9964467005076142)
0.81	(0.9843908629441624, 0.9960659898477158)
0.8 	(0.9893401015228427, 0.9960659898477158)
0.79	(0.992258883248731,  0.9954314720812183)
0.78 	(0.9941624365482233, 0.9953045685279188)
0.775	(0.9949238578680203, 0.9950507614213198)
0.77	(0.9956852791878172, 0.9946700507614213)
0.76 	(0.9964467005076142, 0.9942893401015228)
0.75	(0.9969543147208122, 0.9941624365482233)
0.74	(0.9974619289340102, 0.9940355329949239)
0.73	(0.9979695431472081, 0.9939086294416244)
0.72	(0.9983502538071066, 0.9937817258883249)
0.71	(0.9986040609137056, 0.9935279187817259)
0.7	(0.9986040609137056, 0.9935279187817259)
0	(1,		     0)